date time lon lat dep Mb Ms strike1 dip1 rake1 strike2 dip2 rake2  mrr mtt mpp mrt mrp mtp p_trend p_plu p_eigen b_trend b_plu b_eigen t_trend t_plu t_eigen scale exponent event_name
1989/09/22 02:25:53.5 102.46 31.55 33.0 6.0 6.1 352 18 61 202 74 99 0.710 0.385 -1.095 -0.541 -1.367 -0.324 125 60 1.540 20 9 0.410 285 29 -1.960 1.750 25 B092289A 
1994/12/29 18:58:30.3 103.85 29.09 33.0 5.3 4.8 38 55 147 149 63 40 3.321 3.092 -6.413 2.037 -0.883 -0.444 7 46 5.320 177 43 1.180 272 5 -6.500 5.910 23 B122994C 
2008/02/26 17:50:03.6 101.77 30.08 24.2 4.9 0.0 340 78 -7 71 83 -168 -1.340 4.170 -2.830 -0.795 -0.601 -4.220 205 4 6.181 100 76 -1.157 296 14 -5.025 5.603 23 C200802261750A 
2008/05/12 06:28:01.6 103.32 31.00 19.0 6.9 8.1 231 35 138 357 68 63 0.569 0.010 -0.579 -0.199 0.561 -0.348 229 58 0.913 9 25 -0.031 107 18 -0.881 0.897 28 C200805120628A 
2008/05/12 11:11:02.5 103.62 31.21 10.0 5.7 6.1 204 71 -169 110 80 -19 -0.560 1.390 -0.830 -0.351 0.205 1.120 158 6 1.882 263 68 -0.460 66 21 -1.422 1.652 25 C200805121111A 
2008/05/12 20:08:50.4 103.89 31.41 21.7 5.7 5.6 227 41 132 357 61 60 2.400 0.378 -2.780 -0.686 1.430 -1.410 219 62 3.171 13 26 0.357 108 11 -3.529 3.350 24 C200805122008A 
2008/05/12 23:46:19.0 103.53 31.28 10.0 5.3 0.0 116 59 -7 210 84 -149 -0.081 0.699 -0.618 0.138 0.477 0.442 339 17 0.916 220 58 0.044 77 26 -0.959 0.938 24 C200805122346A 
2008/05/12 23:54:46.9 103.53 31.30 10.0 5.2 0.0 63 37 -99 254 54 -83 -4.000 4.490 -0.497 1.430 0.251 2.280 339 8 5.587 70 5 -1.355 193 80 -4.239 4.913 23 C200805122354A 
2008/05/13 07:07:08.5 103.19 30.89 9.0 5.8 5.8 213 42 109 7 51 73 4.880 0.299 -5.180 -0.580 1.170 -2.220 219 76 5.169 18 13 0.873 109 5 -6.043 5.606 24 C200805130707A 
2008/05/14 02:54:40.0 103.52 31.33 18.8 5.3 5.5 215 80 -177 124 87 -10 -0.574 1.990 -1.410 -0.259 0.110 0.652 170 5 2.131 288 80 -0.569 79 9 -1.556 1.843 24 C200805140254A 
2008/05/16 03:34:27.3 104.00 31.38 10.0 5.1 0.0 225 26 101 32 64 85 1.560 -0.623 -0.940 0.589 1.090 -0.712 291 70 2.006 35 5 -0.071 126 19 -1.939 1.973 23 C200805160334A 
2008/05/16 05:25:47.3 103.35 31.35 3.0 5.5 5.6 235 71 -170 142 81 -19 -0.610 3.340 -2.730 -0.335 1.000 -0.937 190 7 3.539 297 69 -0.325 97 20 -3.214 3.377 24 C200805160525A 
2008/05/16 16:14:43.8 103.61 31.10 10.0 4.9 4.5 258 64 13 162 78 153 0.920 -1.500 0.583 0.237 -0.815 2.010 117 27 2.103 320 61 0.728 213 10 -2.829 2.466 23 C200805161614A 
2008/05/16 20:16:52.2 103.67 31.29 10.0 5.0 5.0 360 69 174 92 84 21 0.519 -0.212 -0.307 1.190 0.102 3.260 318 19 3.313 106 68 0.351 224 11 -3.663 3.488 23 C200805162016A 
2008/05/22 07:18:44.4 103.80 31.08 10.0 4.6 0.0 86 32 -65 237 61 -105 -1.760 2.090 -0.332 0.975 0.754 1.070 338 15 2.802 244 13 -0.653 114 70 -2.151 2.476 23 C200805220718A 
2009/01/14 18:23:37.8 103.32 31.18 10.0 5.0 0.0 98 42 -67 248 52 -110 -2.020 1.920 0.101 0.233 0.678 0.223 351 5 1.973 260 15 0.253 98 74 -2.225 2.099 23 C200901141823A 
2009/11/27 16:04:04.0 103.86 31.23 10.8 5.2 0.0 43 44 80 236 47 99 3.040 -1.810 -1.230 -0.342 0.127 -1.820 216 83 3.082 50 7 0.286 320 2 -3.368 3.225 23 C200911271604A 
2010/05/25 06:11:56.1 103.57 31.14 35.0 5.2 0.0 14 44 59 233 53 116 2.960 -0.614 -2.350 -1.140 0.080 -2.130 202 69 3.387 37 21 0.440 305 5 -3.831 3.609 23 C201005250611A 
2013/04/20 00:02:47.5 102.89 30.31 14.0 6.5 6.8 212 42 100 19 49 81 0.950 -0.113 -0.837 -0.039 0.156 -0.452 233 82 0.970 25 7 0.092 115 4 -1.062 1.016 26 C201304200002A 
2013/04/20 03:34:15.6 102.95 30.19 10.0 5.1 0.0 215 45 100 21 46 80 1.710 -0.518 -1.190 -0.210 0.124 -0.514 210 83 1.740 28 7 -0.270 118 0 -1.468 1.604 24 C201304200334A 
2013/04/20 20:53:43.1 103.06 30.34 10.0 5.1 0.0 177 42 74 17 50 103 1.920 0.314 -2.240 0.339 0.280 -0.341 345 79 1.999 189 10 0.304 98 4 -2.309 2.154 23 C201304202053A 
2013/04/21 03:59:37.5 103.01 30.23 10.0 5.0 0.0 234 48 119 15 49 62 3.950 -1.090 -2.870 -1.230 0.945 -2.290 216 69 4.541 34 21 -0.113 124 1 -4.438 4.489 23 C201304210359A 
2013/04/21 09:05:23.5 103.00 30.32 15.7 5.2 0.0 35 45 86 221 45 94 7.170 -2.750 -4.410 -0.298 0.229 -3.180 218 87 7.189 38 3 -0.312 308 0 -6.867 7.028 23 C201304210905A 
2014/11/25 15:19:08.1 101.76 30.19 9.0 0.0 5.6 238 89 179 328 89 1 -0.238 4.670 -4.440 -0.132 0.045 -2.180 193 1 5.168 6 89 -0.242 103 0 -4.935 5.052 24 C201411251519A 
2015/01/14 05:21:38.8 103.20 29.35 10.0 0.0 5.3 158 44 89 340 46 91 2.880 -0.655 -2.230 0.006 0.145 0.725 285 88 2.884 159 1 -0.373 69 1 -2.516 2.700 23 C201501140521A 
